1174
1,2,3
2,3,1
2,17,18
3,4,9
4,5,14
4,855,11
6,7,12
6,880,18
7,8,2
7,22,17
7,23,13
7,411,9
7,453,4
7,454,12
7,889,3
8,9,10
8,479,3
8,480,19
8,561,5
9,10,18
9,537,11
9,561,7
9,1074,1
10,11,10
10,536,8
10,561,6
11,12,5
11,560,5
12,13,9
12,27,13
12,30,9
12,559,6
13,14,18
13,596,16
13,1138,19
14,34,15
15,16,12
16,17,9
17,18,1
18,19,20
18,823,7
19,20,17
19,388,17
19,389,15
19,627,12
20,21,1
22,409,19
22,885,5
23,24,5
23,537,15
23,538,11
23,1078,8
23,1109,8
24,25,20
24,1110,3
25,26,17
26,27,6
27,28,2
27,561,13
28,29,13
29,30,3
30,31,2
31,32,4
32,33,5
33,34,11
34,1159,18
35,36,10
35,392,19
36,37,16
36,631,4
37,38,19
37,628,7
37,863,2
37,1011,12
38,39,7
39,40,13
39,412,17
39,413,10
39,628,5
39,875,20
39,876,5
39,881,6
40,41,19
41,42,7
42,43,10
42,876,4
42,881,2
42,882,8
43,44,15
43,50,12
43,51,8
43,411,20
43,454,5
43,455,1
44,45,5
45,46,3
45,888,6
46,47,12
46,485,19
46,889,3
46,1036,5
47,48,2
47,73,8
47,486,15
47,890,18
48,49,20
48,74,17
49,50,9
49,485,9
49,629,9
50,51,13
50,629,7
51,52,8
51,538,19
51,901,1
52,53,11
53,54,9
53,629,5
54,55,6
54,540,2
55,56,11
56,57,3
56,540,17
56,541,8
56,912,9
57,86,18
57,541,16
57,562,1
58,59,7
59,60,18
61,62,12
62,63,18
62,1144,13
64,65,17
64,394,2
64,411,17
64,842,9
65,66,15
65,393,7
65,394,15
65,1012,17
66,67,2
67,68,7
68,69,15
68,669,15
68,863,18
69,70,8
69,414,7
69,415,6
69,630,2
69,633,14
70,71,4
70,417,12
70,456,9
70,670,17
70,879,3
71,72,1
72,73,9
72,671,6
72,888,4
73,1037,12
74,75,14
75,76,6
75,486,11
76,77,17
77,78,17
77,677,17
78,79,17
79,80,13
80,81,10
81,82,10
81,540,7
81,541,10
81,542,20
81,904,14
82,83,18
83,84,8
83,632,7
84,85,18
84,115,2
84,116,5
85,86,4
85,914,19
86,154,6
86,1143,1
87,88,16
88,89,6
89,90,8
90,91,14
90,604,1
90,798,6
91,92,3
92,93,19
93,374,9
93,375,19
93,600,18
94,95,16
95,96,14
95,668,14
96,97,2
97,98,8
98,99,9
99,100,3
100,101,17
100,137,8
100,633,8
100,681,6
101,102,4
101,397,7
101,398,13
102,103,18
103,104,10
103,669,18
104,105,1
105,106,20
105,670,1
105,671,7
105,673,10
106,107,4
106,457,12
106,458,1
106,693,11
106,891,9
107,108,8
107,144,10
107,673,20
107,674,14
107,695,8
107,1040,9
107,1044,18
108,109,5
108,496,6
109,110,19
109,1079,12
110,111,11
110,493,13
110,494,13
110,495,6
110,1042,13
111,112,2
112,113,14
112,905,18
113,114,8
114,115,14
115,149,15
115,542,4
116,117,11
117,118,19
117,150,7
117,151,18
118,119,16
119,120,15
120,121,6
120,1145,4
121,122,15
121,1145,3
122,123,18
122,1150,14
123,124,14
123,1149,8
125,126,16
125,573,13
126,127,15
126,1161,5
127,128,19
128,572,12
129,130,14
130,131,8
130,164,8
130,372,16
131,132,16
132,133,13
133,134,13
133,678,9
134,135,14
136,137,4
136,681,12
136,843,8
137,138,17
137,169,4
137,171,13
137,399,19
137,690,4
137,994,14
138,139,17
138,864,13
139,140,20
139,422,3
139,423,17
140,141,16
141,142,14
141,178,5
141,179,8
141,459,11
141,687,2
141,715,4
142,143,16
143,144,1
143,497,3
143,498,19
143,893,19
144,145,6
144,496,12
144,497,14
144,1080,17
145,146,13
145,701,18
145,906,4
145,907,1
146,147,4
147,148,9
148,149,17
148,543,13
149,150,17
151,152,5
152,153,5
152,917,15
153,154,17
154,155,12
155,156,2
155,1146,10
156,157,9
156,576,17
157,576,12
158,159,18
158,577,9
159,160,13
160,161,9
160,210,20
161,162,4
162,163,15
163,212,20
164,165,16
164,373,15
164,599,19
164,844,1
166,167,4
167,168,3
168,169,9
168,856,17
169,170,16
170,171,13
171,172,13
171,400,8
172,173,19
173,174,10
173,423,3
173,424,13
173,864,2
174,175,6
175,176,17
176,177,18
177,178,7
177,715,5
177,1030,12
179,180,4
179,499,19
180,181,4
180,460,5
180,499,20
180,1031,18
180,1032,9
181,182,12
181,234,14
181,235,14
181,499,8
181,735,7
181,1049,17
182,183,1
183,184,5
184,185,3
185,186,10
186,187,5
186,188,18
186,718,9
187,188,20
187,1083,9
188,189,10
188,545,5
188,546,14
188,699,11
189,190,3
189,719,1
190,191,5
190,543,11
190,1113,16
191,192,3
191,719,19
192,193,17
192,194,18
193,194,6
193,1153,8
194,195,10
194,196,11
194,1116,14
195,196,14
195,1124,13
196,197,1
196,241,10
196,1153,17
197,198,4
197,242,12
197,243,10
198,199,17
199,200,17
200,201,17
201,202,1
202,203,11
203,204,20
203,246,2
203,577,11
204,205,1
204,206,20
204,247,7
204,931,9
204,932,16
205,206,12
206,207,13
206,248,14
206,1170,16
207,208,19
208,209,3
210,211,14
211,212,12
211,933,16
212,1171,20
213,214,16
214,249,4
215,216,16
216,217,8
217,218,19
217,288,18
217,616,5
218,219,17
219,220,15
220,221,9
221,222,5
221,703,14
222,223,18
223,224,2
223,802,3
224,225,13
224,808,13
225,226,14
225,708,3
225,709,14
226,227,6
227,228,16
228,811,7
228,834,11
228,835,7
229,230,14
229,730,9
229,731,3
229,858,6
230,231,19
230,400,3
231,232,4
232,233,9
232,401,14
232,424,15
233,234,20
233,427,5
233,428,5
233,1033,10
234,1031,3
235,236,14
235,1051,12
236,237,11
236,501,1
236,502,4
236,717,8
236,718,20
236,720,11
236,735,18
237,238,17
237,910,4
238,239,7
238,1092,9
239,240,7
240,241,12
240,546,15
240,547,6
240,1118,10
241,242,14
241,549,14
241,563,20
242,1154,2
243,244,4
244,245,13
245,246,3
246,247,7
246,276,4
246,747,19
249,250,15
250,251,8
252,253,19
252,1009,2
253,254,14
253,401,17
253,711,5
253,995,20
254,255,4
254,403,11
254,860,3
254,995,4
255,256,17
256,257,2
257,258,9
258,259,9
259,260,13
259,466,5
259,467,4
260,261,12
261,262,9
262,263,11
262,748,20
262,894,6
263,264,2
264,265,6
264,510,4
265,266,2
265,509,20
265,512,19
265,551,14
265,753,18
266,267,14
267,268,10
267,552,19
268,269,5
268,754,6
269,270,15
269,553,19
269,1125,6
270,271,5
270,760,14
270,1126,7
271,272,19
272,273,3
273,274,10
274,275,6
275,276,10
276,578,9
277,278,9
277,284,8
277,290,3
277,378,8
277,837,7
278,279,12
278,711,12
279,280,13
279,1008,11
280,281,15
280,287,9
280,292,8
280,433,18
280,434,7
281,756,16
281,896,19
281,897,11
282,283,8
282,555,3
284,285,9
284,291,17
284,296,16
284,297,20
284,310,7
284,404,12
284,405,10
284,847,17
284,848,5
285,286,17
286,287,15
287,865,4
288,289,20
289,290,11
291,292,14
292,293,17
292,435,13
293,294,5
294,295,14
297,298,15
297,865,6
297,866,13
298,782,5
298,783,4
299,300,16
299,314,20
299,474,19
300,301,7
301,302,11
302,303,14
303,304,11
304,305,20
304,519,7
304,520,9
305,306,14
305,942,6
306,307,16
307,308,3
308,309,18
310,311,10
311,312,8
312,313,5
312,435,2
313,314,12
313,321,4
314,315,7
315,316,1
316,317,6
316,522,8
317,318,14
317,945,16
319,320,20
319,406,6
319,407,6
320,321,11
320,866,1
320,867,12
321,322,16
321,436,4
322,323,1
323,324,6
324,325,2
325,326,13
326,327,14
327,328,10
328,523,1
329,330,6
329,407,14
329,408,16
330,331,2
331,332,10
332,333,1
333,334,17
334,335,8
334,343,14
335,336,17
335,870,11
336,337,15
336,444,1
337,338,13
337,443,9
337,954,18
338,339,2
338,954,5
339,340,3
339,531,11
339,532,8
339,957,3
341,342,1
341,350,10
341,408,18
341,854,11
342,343,4
342,976,5
343,344,16
343,351,12
344,345,7
345,346,2
346,347,12
346,445,16
346,965,11
347,348,14
347,444,2
347,956,4
348,349,10
350,351,10
351,352,5
351,977,8
352,353,7
353,354,18
353,449,3
353,450,18
355,356,11
357,358,16
358,359,7
359,360,15
360,361,3
361,362,16
361,611,7
361,612,4
362,363,3
363,364,6
364,800,11
364,801,13
365,366,17
366,367,11
367,382,17
367,590,15
368,369,8
369,370,17
369,840,4
370,371,10
370,623,2
373,374,1
373,793,5
375,376,14
375,831,9
375,832,16
376,796,16
376,797,17
377,378,13
377,711,6
377,998,14
377,1006,6
379,380,14
379,986,8
380,381,2
381,382,12
383,384,12
384,385,20
385,386,11
386,387,2
387,388,1
389,390,20
389,861,1
390,391,5
390,855,4
392,393,19
394,395,11
394,987,20
395,396,13
396,397,2
397,669,6
398,399,20
399,682,5
400,401,5
400,424,8
401,402,17
401,731,10
401,732,2
401,1019,3
402,403,15
402,452,14
402,475,14
403,404,8
403,1008,7
405,406,10
407,851,4
409,410,9
409,862,5
409,1024,10
410,411,5
411,412,3
412,1014,19
413,414,19
413,876,16
413,1029,8
414,1015,13
415,416,9
416,417,18
416,669,18
416,670,10
416,883,19
417,418,20
418,419,19
419,420,18
420,421,5
421,422,17
421,690,7
421,691,14
422,683,8
424,425,12
424,712,17
425,426,3
426,427,2
428,429,15
428,732,11
428,733,2
429,430,13
429,732,20
429,1016,18
430,431,10
431,432,7
432,433,9
432,465,3
432,1019,2
433,434,10
433,1020,9
434,468,8
436,437,19
437,438,1
438,439,13
439,440,2
439,523,20
439,950,18
440,441,7
440,527,7
440,528,8
440,950,18
441,442,16
442,443,18
442,953,11
445,446,9
445,969,17
446,447,10
447,448,19
448,449,1
448,973,19
450,451,4
452,453,6
453,478,15
453,479,15
453,885,15
454,874,4
454,881,15
454,885,1
455,456,19
455,882,4
456,457,2
458,459,2
459,687,19
459,688,11
459,694,12
460,461,9
460,1045,18
461,462,12
461,1018,17
462,463,17
462,464,16
462,717,17
462,735,17
463,464,3
464,465,12
464,1047,14
465,466,12
465,748,2
467,468,6
468,469,6
468,1067,20
469,470,12
470,471,20
470,896,11
470,1068,7
471,472,11
472,473,14
473,474,14
473,899,10
475,476,7
476,477,15
477,478,11
477,900,8
478,479,13
479,620,4
480,481,8
481,482,1
482,483,2
482,628,17
483,484,6
484,485,12
486,487,5
487,488,17
487,672,10
488,489,11
489,490,8
489,675,19
490,491,4
490,674,17
491,492,3
491,494,16
491,495,1
492,493,14
497,696,8
497,893,15
498,499,1
499,500,6
499,689,16
499,698,7
500,501,1
502,503,7
503,504,3
503,1046,7
504,505,4
504,737,8
504,738,8
504,749,1
504,910,14
505,506,2
505,750,5
505,1052,20
506,507,1
506,751,4
507,508,11
508,509,16
508,752,2
508,753,14
508,1048,6
509,1053,1
510,511,18
510,758,8
511,512,5
512,513,16
512,554,5
512,759,11
513,1095,8
514,515,12
514,558,20
515,516,20
515,785,17
516,517,18
516,1108,2
517,518,4
518,519,13
520,521,12
521,522,2
523,524,14
523,951,18
524,525,12
525,526,16
526,527,20
528,529,10
529,530,8
530,531,15
532,533,19
532,959,9
533,534,20
534,956,16
535,536,16
535,591,16
536,1139,8
537,621,6
537,622,19
538,539,1
538,1110,5
539,540,14
540,1112,7
541,542,16
543,544,16
543,545,17
544,545,12
545,699,12
545,702,16
547,548,16
548,549,3
548,910,13
549,550,12
550,551,5
550,741,12
550,742,1
550,753,4
552,553,2
553,554,8
554,760,9
555,556,6
556,557,12
557,558,6
559,560,7
559,593,11
559,594,5
561,562,12
562,911,7
563,564,10
563,745,12
563,746,6
563,1154,4
564,565,1
565,566,3
566,567,11
566,580,2
567,568,18
567,775,5
568,569,4
569,570,20
570,571,9
572,573,2
574,575,12
575,576,5
575,1150,14
577,931,10
577,1164,13
578,766,10
578,767,4
579,580,16
580,581,12
580,1155,13
581,582,7
581,775,19
581,928,6
582,583,20
583,584,16
584,585,7
586,587,6
587,588,13
587,812,3
587,820,6
588,589,20
589,590,10
591,592,15
592,593,14
593,918,4
594,595,16
595,596,16
597,598,6
597,884,15
598,1072,6
598,1073,4
600,601,7
600,819,9
600,829,6
600,830,13
601,602,18
602,603,18
603,604,19
603,985,10
604,605,2
604,634,19
605,606,18
606,607,3
607,608,7
608,609,12
608,800,19
609,610,5
612,613,17
613,614,7
614,615,5
614,716,20
615,616,1
617,618,13
618,619,11
619,1139,9
620,621,4
623,624,3
623,841,6
624,625,11
625,626,12
626,627,1
628,862,17
629,902,2
633,842,19
633,991,2
633,992,2
634,635,18
635,636,4
636,637,4
637,638,3
638,639,11
639,640,20
641,642,13
642,643,8
643,644,4
643,984,18
644,645,15
646,647,17
647,648,13
649,650,13
650,651,13
651,652,16
651,813,13
653,654,14
654,655,14
655,656,6
657,658,7
658,659,9
659,660,18
660,661,16
661,662,13
662,663,11
663,664,17
664,665,12
665,824,13
666,667,12
667,668,8
671,672,8
671,673,13
673,674,9
674,890,14
675,676,13
676,677,3
679,680,19
680,681,13
682,683,2
682,1026,6
683,684,18
683,692,16
684,685,3
685,686,5
686,687,6
686,887,7
687,1030,2
688,689,2
688,1043,6
691,692,13
692,693,11
693,886,2
693,887,15
694,695,6
696,697,8
696,1081,1
697,698,16
698,699,16
698,700,19
698,907,4
698,908,9
699,700,17
701,702,1
702,1082,8
703,704,16
704,705,17
705,706,9
706,707,14
707,708,20
709,710,13
709,809,14
709,811,9
710,810,4
711,728,9
711,845,20
711,846,14
712,713,14
713,714,8
714,715,1
715,1031,10
717,736,14
720,721,10
721,722,13
722,723,15
722,1092,18
723,724,17
724,725,2
725,726,2
725,1091,18
725,1116,6
726,727,10
728,729,18
728,1009,11
728,1010,13
729,730,5
729,859,4
733,734,5
734,735,10
736,737,5
738,739,11
739,740,5
739,752,5
739,910,16
740,741,17
743,744,15
744,745,6
745,755,4
746,747,4
748,749,9
749,750,5
751,752,9
752,753,4
754,755,10
756,757,12
757,758,14
758,759,16
758,1069,9
760,761,12
761,762,8
762,763,5
763,764,5
764,765,14
765,766,20
766,922,17
767,768,18
768,769,12
768,935,8
768,1156,13
768,1157,17
769,770,13
770,771,16
771,772,1
772,773,5
773,774,19
776,777,13
777,778,3
778,779,1
779,780,14
781,782,19
781,897,20
781,898,20
783,784,20
784,785,5
786,787,12
787,788,19
788,789,19
789,790,17
790,791,13
791,792,11
792,949,6
793,794,12
794,795,2
795,796,14
795,844,17
797,798,13
798,799,6
799,800,14
801,802,17
802,807,5
803,804,15
804,805,4
805,806,8
806,807,1
808,809,2
809,810,5
813,814,15
814,815,3
815,816,13
816,817,14
817,818,4
818,819,20
821,822,1
822,823,4
824,825,15
825,826,18
826,827,17
827,828,13
828,829,9
829,983,3
830,831,8
832,833,4
835,836,10
836,837,2
838,839,4
839,840,20
842,987,9
843,993,11
846,847,16
846,996,11
846,997,16
848,849,19
849,850,3
850,851,11
851,852,9
852,853,17
853,854,19
856,857,17
857,858,5
859,860,3
862,1027,10
867,868,17
868,869,13
869,870,3
871,872,7
872,873,13
873,874,6
874,875,18
874,1028,8
876,877,14
877,878,3
878,879,4
880,881,19
882,883,1
884,885,14
884,1023,20
891,892,2
892,893,16
893,1044,8
894,895,1
894,1065,14
894,1066,10
895,896,15
896,1064,5
896,1069,10
898,899,14
900,901,15
902,903,16
903,904,6
905,906,20
907,1082,2
908,909,15
911,912,1
913,914,17
915,916,10
916,917,10
918,919,1
918,1128,3
918,1129,6
919,920,1
919,1131,20
920,921,17
922,923,6
924,925,13
925,926,1
926,927,17
928,929,16
929,930,19
933,934,20
935,936,18
936,937,5
938,939,12
939,940,4
940,941,4
942,943,6
943,944,17
945,946,15
946,947,10
947,948,4
948,949,20
950,952,11
954,955,12
955,956,6
957,958,15
958,959,14
959,960,3
959,962,20
960,961,1
962,963,7
963,964,12
965,966,16
965,968,11
966,967,10
968,969,16
969,970,13
971,972,17
974,975,7
974,978,13
975,976,10
979,980,20
980,981,18
981,982,13
982,983,15
984,985,15
987,988,10
988,989,6
990,991,8
993,994,14
995,996,12
995,1010,13
998,999,12
998,1001,6
998,1002,7
999,1000,6
1002,1003,15
1003,1004,5
1004,1005,4
1006,1007,7
1011,1012,1
1011,1013,20
1014,1015,11
1016,1017,17
1017,1018,16
1019,1020,12
1021,1022,11
1024,1025,4
1025,1026,3
1031,1033,16
1034,1035,3
1038,1039,6
1040,1041,14
1041,1042,4
1046,1047,13
1049,1050,4
1050,1051,4
1054,1055,15
1055,1056,7
1056,1057,1
1057,1058,17
1058,1059,7
1059,1060,5
1061,1062,4
1062,1063,3
1063,1064,16
1066,1067,12
1070,1071,7
1073,1074,13
1074,1075,17
1076,1077,14
1079,1080,5
1084,1085,11
1085,1086,6
1086,1087,16
1087,1088,19
1088,1089,13
1089,1090,17
1090,1091,9
1090,1115,6
1093,1094,13
1095,1096,5
1097,1098,7
1098,1099,14
1099,1100,14
1100,1101,6
1101,1102,9
1102,1103,11
1103,1104,1
1104,1105,11
1105,1106,7
1107,1108,4
1109,1111,10
1113,1114,3
1116,1117,9
1117,1118,17
1118,1119,11
1118,1124,10
1119,1120,17
1120,1121,2
1121,1122,13
1122,1123,19
1127,1128,1
1129,1130,3
1129,1140,10
1131,1132,8
1132,1133,12
1132,1142,15
1133,1134,1
1134,1135,8
1135,1136,9
1137,1138,7
1141,1142,9
1145,1146,18
1147,1148,8
1151,1152,7
1155,1156,3
1158,1159,8
1160,1161,13
1162,1163,11
1164,1165,3
1165,1166,12
1167,1168,10
1168,1169,4
1169,1170,18
1171,1172,19
1173,1174,3
